56415.80462660642 2.979327332789296          
2415.5857784836476 2.8014999996652903    
55207.095995458374 2.6791565028882967    
60933.832328028046 2.893783902023387    
125745.75202364876 2.8650478845695524     
82628.7945121126 2.97214199554323      
22963.882377925085 2.8156845324796387    
0.0 2.8747797980661156    
55553.93974260618 2.8499853047836736   
99.072328343426 2.887840111100514     
73784.09944403538 2.9629230195366034    
144294.07183010073 2.907707526640485    
113505.93569450751 2.6789609864723545   
11029.668844116932 3.006545565043723    
4477.45905560893 2.904918201103751    
81991.9752586731 2.961013246990667    
211551.41069346527 2.94170233337982    
162678.65480382208 2.8631720747621334    
169133.2598532965 2.9153304200860917    
632749.4086893667 2.8041833330470394    
55987.91053265958 2.707779668725942    
13448.144873462517 2.869118858152515    
0.0 2.6383123645176942    
0.0 2.6983235328140887                
19370.3484452819 3.017283080282768     
0.0 2.992418537174807      
22685.07318725942 2.9541193958861673     
5107.221143847983 2.896249371627086     
109942.4063329906 2.74852448259454     
0.0 2.722048354447839     
105093.30045639475 2.8082765684630373    
96628.32654589372 2.863209857958013     
3219.0042821228726 2.9871447994803364  
139976.73829375266 2.9416761530319797  
53235.816605093045 2.8829386486916633  
69191.51182454628 2.9515118576916883  
207.00031657641432 2.8981071668903846  
166175.21524708575 2.9011267142915615   
0.0 2.8551545783319874    
1111.0709831051026 2.9865632543501146  
34521.35404412746 2.6956024175102624   
798856.8058164142 2.9283492456986098   
0.0 2.9713287621281173  
54174.11701292921 2.90643910533223    
123825.11065174737 2.94801916138195      
27.775903435172623 2.8433173940614638    
142780.55545511656 2.9435541554405265    
3322.8524234545293 2.8780708150678036  
823892.513674588 2.9376239650481466     
35326.8211659296 2.955213164036981    
592.8701770685839 2.8603894351483516   
361036.47880443576 2.70825072471728      
101543.68383867362 2.9258239312113132   
118357.18126557583 2.8262037190841807    
0.0 2.885534106797128     
46316.95174334642 2.8406960618285657     
8309.65922796593 2.860940236692682     
36250.14859779649 3.0150696321311323        
62.536739089272544 2.8770451828460457    
72459.31744752469 2.917794724368343  
95482.45835861233 2.84150153027939      
81288.72553965691 2.798390102725498     
0.0 2.9815507568785313                 
2252.8966235471703 2.890408834908454    
29304.340294850343 2.8212059846541133   
853055.1935404702 2.7190764422970815    
44354.311559331036 2.9147599180367094    
269448.2691043612 2.9489919864491476    
15197.113111028864 3.056884013232119    
76714.08739277898 2.57092309785867      
254427.9223242126 2.8972531299100566   
17637.735043973902 2.9350082468609133    
576753.7949147401 2.9603837380326334    
9119.79711483061 2.6488177836733016    
6119.744335476187 2.9458055496043847     
237496.32717492865 2.6494937239872476    
18541.13130122192 2.9745774728555863   
0.0 2.4779449670236025    
62932.07548467312 2.942321066013391     
72448.55550843713 2.9701612471266325     
90898.04845703192 2.753443776908141     
0.0 2.9111451571880806   
0.0 2.8384973023783764  
216288.9222143485 3.0487492413814126   
111818.29323361069 2.8044456867391974    
305950.58985590027 2.6439224653187376   
256432.32160220522 2.944605942006623    
321.80172950714814 2.92773539213674       
55909.57076435744 2.990940768440795      
71613.64983373754 2.7918457959394165     
11287.120511435596 2.667119063936416    
182.68856760210588 2.9882816420506924    
1015550.1577414526 2.875599534183874    
0.0 2.924945730130917    
251.21640594520957 2.7871300751357633  
414.33830510360525 2.3223759388577925  
207.792619160004 2.9524610664302435    
0.0 2.7100379252428803     
766.2279747066317 2.8735736665361977    
132492.22922054015 2.948257403994173       








