29913.806163954752 2.810063534327108      
540864.5327384586 3.195788157361449      
27.577272006114598 3.2113673691670823    
7369.2644751553935 3.05836933817556         
7923.955771102375 3.040822958029328     
72943.52804598858 3.330862084135705     
22046.965542175265 3.27115697843098      
14844.302019269127 2.970207002290348     
5015.690012530566 3.0656091692929994   
277149.0492912777 2.9424099695282413   
41516.45388760304 2.8586782343342008     
16699.759670753003 2.88041816664619     
19115.42648272475 2.869281740481124     
0.0 3.1813440342773607   
183154.12100548742 2.9413248291113465   
37151.095522405485 2.6312210772685622  
255.24190131358125 2.8974153683554666   
101977.83578329183 2.946322853324196     
23606.033576753493 3.1549167153866158    
1297210.1550338157 3.0930357737993734    
64107.83404976164 2.9937132441685526    
89541.5992674756 3.250014360083112     
15245.07340563043 2.746473489286538  
127585.51104932594 2.9530866389137174    
775.8424326078 2.955250420795745     
29404.95386079904 3.0297337949069556    
2153.9668627887204 3.07636243799738     
112.24281480064305 2.606091802991003     
88808.8501899083 3.0390968093926154     
46178.083015186785 3.0514782704440826    
386127.2980961616 3.077413671695493     
0.0 3.1534605666934064    
40269.717507388166 3.1198411463993594   
22592.47930481576 3.0523701834380557   
11503.131444664059 3.1260636982986223    
1115.5353259798587 2.9817920801095283    
291092.1465448004 2.930335046228923    
23245.24826985515 2.956825536742205     
0.0 2.662474474064868    
46300.25549523282 3.1703297316843537    
41340.682757279734 3.0622571275190653 
0.0 3.1531976566274147   
557.8020147919223 2.9236021295961705   
52482.64927415583 2.891244728951146    
6473.535642573592 2.8742402244759377    
55983.940722254294 3.16850162523845      
887935.7922267336 3.0307790548519375    
36578.737168337946 2.9380675217187404   
53433.05442661792 2.9377251661935557  
1040.7277326638364 3.175354766699188    
9213.100622404543 3.1108800623305726   
480361.6298157765 2.8731594196982995   
280778.18427481275 2.709171551254047   
48215.36029401583 2.7577396086095343   
17056.2590817578 3.108672014283236      
4087.662374526771 3.057679969231368     
10687.17154526711 3.0318854736050294   
339.6144898518666 3.2491541553887893   
179281.62558676643 2.942008934133604     
29067.903911849076 2.9864689410231398   
162.816113948653 3.0934777757131955    
11532.77362291653 2.994380990467265      
1872771.0663214715 3.0677469455706197    
2938.6066811981923 3.241385369875434      
24214.744303174994 3.091988453491385    
271823.3925247787 2.8783664817923897    
947.8947129224214 2.9861784131100944    
154740.85989042942 2.9875832364304973    
0.0 2.922799076576396     
35706.53990750216 3.121168251752243    
1372672.6556672775 3.0461156006214387    
6401.23711146987 2.9297681140847516    
1818364.1984031706 3.1575791510353928   
14143.599311288748 3.222821787615537   
29064.945102541264 3.0171507233282653    
50395.227567543254 3.0171390196848797     
409.2985755960873 2.9840703097370995   
19022.42252908393 3.1334778247338737   
37770.78206882734 2.9790419673472397    
143530.326032578 3.0126549524044206   
21578.844317955336 3.2331224245038115     
200671.27715423368 3.007124379667367     
401302.78520418267 3.0414758243419366   
932.4078519576316 2.989351569843713    
48866.90311838077 3.1532317994411776  
1866.9190702220378 2.9064093829104194    
75408.35790342808 3.201430333901999    
2131.8194905914256 2.7330308142303825    
0.08735805879442461 2.8805260171623077  
82.87600137533394 3.155792866690946    
10923.798410833288 3.108317922218444   
0.5324731102602834 3.019108808562608   
11067.657817239573 3.0643990137343895     
0.0 2.97827490806555    
0.0 3.172193248311611      
0.0 3.0413788820323564     
63.652836981785384 3.0170976462543595   
0.0 3.069127372059277     
0.0 3.080764489700539    
0.0 3.0804386639048453   






